
0, -2092.695910052421, 26.5044500407719, 95.77216742148242, -0.04084944220384152, 0.0843434945453927, -0.039212578354734795
1, -2463.5592803590275, 42.70960122657077, 66.85120724948075, -0.011064663521448184, -0.03788355677512589, 0.03950153943320167
2, -2983.596327388465, -19.18316348717815, 96.76175868707733, 0.012436540666719247, 0.030082074485132004, -0.07740497744071373
3, -2764.5062574650024, -39.508729167421876, 122.11877930739507, 0.041762426293472266, -0.08024444277276976, 0.05533937065948624
4, -3027.5836849741745, 30.430302233632204, 110.54433605090054, 0.029739857259269687, 0.07637594597179143, 0.052367578050086294
5, -2499.5739782886053, 1.5221694485421153, 89.83977847572268, -0.01165582709156624, 0.07031059620507896, 0.09035114317166215
6, -2106.068884493871, 28.476738883554376, 38.280076743149024, 0.032774707358938296, -0.009427925650168367, -0.004650099512286232
7, -2780.9898906605445, 32.93288551081929, 87.13294935450102, -0.0004272671872758215, -0.0746331209418134, 0.053276358572797555
8, -2174.6824848122255, -6.032623324797811, 128.2008341988745, 0.026869353692602585, 0.07354739321453363, -0.08573680551634588
9, -2530.1515689689068, 13.081464044290755, 65.63771314669174, 0.012631935454508615, 0.06497570099235572, -0.006053186381773656
10, -2689.0010739790696, -36.05228846828527, 51.595178711505625, 0.03169267633160219, 0.06002224764088937, -0.0064939731264530565
11, -2739.721980287627, -42.2309212947134, 74.03033487311481, -0.025398768236959777, 0.025347920701669135, -0.00716725339354074
12, -2273.724950983523, -24.379686900922273, 55.288058554480614, -0.03858792952877858, 0.07600348790928346, -0.006780832084245958
13, -2620.9537940522473, 37.58866010628353, 135.74550353242782, -0.270262710562307, 0.06214524456039894, 0.005887422267257136
14, -2033.860023179193, 15.748854438202102, 18.4830872479709, 0.030406946040573878, -0.08882767705342753, -0.06584860815231597
15, -3135.4776363560245, -22.266898224038215, 134.3574249158672, 0.024711051667591962, -0.05090002439662644, 0.06670264718329921
16, -2557.840454865726, 15.837258026653046, 107.54889916987435, -0.013781586362362569, -0.06760365694007842, -0.09907356835393966
17, -2373.9727836921834, 6.047213858414068, 87.98010503691097, 0.02898070273524042, -0.06413569527224561, 0.07470391983567204
18, -2383.1758844806295, 35.521774692530016, 89.58637343796809, -0.007767150280881592, -0.05648341792042122, 0.0631917770811512
19, -2687.8770487511633, 1.124079139858594, 147.39079597150732, -0.010845017597953375, -0.05142501973097979, 0.06933787451294471
20, -2569.1326632808546, 12.711386954072026, 119.63671375634712, 0.013322558702200622, -0.019881151274568465, 0.013575275566521938
21, -2192.24719577606, 42.026119030115964, 117.1100509597596, 0.0011566122565351547, 0.011069898951717949, -0.05115363901198666
22, -2347.7231719961833, 27.152941863201875, 105.33908787883152, -0.025765823097247235, 0.04863609012551939, -0.0773358350033444
23, -2533.3260294477486, -41.530254957769266, 51.24779715220646, 0.03319318446867804, 0.03426500465745996, 0.03426378604977476
24, -2928.069903963556, -18.9616477538397, 98.540982017967, 0.026820035598165697, -0.09908762584684294, -0.02972892431533314
25, -2422.738370420352, -10.677909527278953, 104.54905537268745, 0.010050974766550005, 0.06796438351093181, -0.0017085030997527895
26, -3039.4137169214396, -41.06983044406181, 74.92992734041036, -0.0009714493657205598, -0.08760986098156609, 0.06105825199544057
27, -2927.9810686576975, 7.8342397371217345, 123.51289487327477, -0.013979746774468088, 0.004572992718373747, -0.03762224410655701
28, -2309.384810053382, 27.788999049885618, 100.54671641464131, -0.0018472851513291863, 0.09081639917350581, -0.06540194100547314
29, -2442.154627606345, -35.06185019491383, 70.47430081057081, -0.02727917526763354, -0.033125817060676965, -0.03950948135132126
30, -2696.0288545488443, 29.87970346475813, 55.20849076862309, -0.030906454190952507, -0.04159197968595563, 0.004687071220308425
31, -3125.549795574917, -36.360483618763794, 139.25368514295738, -0.0015285566677853627, -0.045451386154041984, -0.06649712826175858
32, -2752.483540344091, 40.18741456351651, 88.03271145199605, -0.04041342273515302, 0.005928593915010438, 0.01956552360337227
33, -2764.5252366356885, -1.3191083265954564, 64.57315527129543, -0.0472801945241068, -0.09455100739452749, 0.0039853382027779105
34, -2408.3504042711397, -19.99383193469005, 81.03599423881829, 0.010570131339701137, -0.0799032758019027, 0.061616047714282196
35, -2744.760012976076, 31.58355291351569, 79.73660864867495, 0.04400618869188279, -0.08772910058841865, 0.056920099125447265
36, -2523.195139378469, 30.29535172339851, 30.515347610470485, 0.0440288323208956, 0.08084236738106454, -0.05348701220877761
37, -2786.421677517531, 43.17709012394212, 57.710799544652446, -0.027425191710636353, 0.037408634121873785, -0.07866728101171905
38, -3043.9617132104668, -43.53548854689787, 50.83324509571152, -0.020361786557167538, -0.012478197116003509, 0.007357062574975259
39, -2899.889812971735, 26.648105065851112, 54.42118464800119, 0.0006107790362016725, 0.04271136575318257, 0.03630350700132823
40, -3089.8777801605866, -16.432739716023356, 30.707062348733743, -0.04329392312180286, -0.029665965046243414, -0.02046219014220796
41, -2583.491015679417, -37.93963593183341, 50.587945658564394, -0.03780193181353676, 0.08763695039571484, -0.033389643336875
42, -2027.5274941228063, 34.52431091356259, 44.94798744920581, -0.036232440081070974, 0.07934943640259307, 0.00570419234868158
43, -2924.5607322522455, 24.335686680059013, 133.33921562965452, -0.016842907062667695, 0.027676917933776135, -0.06738476250527459
44, 115.18239310400148, 30.782912747371135, 58.53376811697706, -3.116837637575526, 0.11052442557828424, 3.0718117983508257
45, -3156.689319376352, -36.62130074541217, 53.902973520902975, -0.039353163626150954, -0.06935723241160341, 0.020969106832247064
46, -2173.8066853215278, -34.18548021423956, 24.76095722295433, 0.021265411682810365, -0.01518243537265107, 0.02336386885441666
47, -2261.070968571589, -33.92540148607614, 62.50149773176935, 0.019311275704782607, -0.09039362032932918, 0.09800705300366452
48, -2732.35233643372, -3.9618243603223675, 121.78679182340463, -0.003033961493778655, -0.05241273413583536, 0.0923915310991319
49, -3093.448075624142, 21.47117095457105, 66.36499176276907, -0.019776554713527857, 0.029436041617617148, 0.09123074934439934
50, -2772.553035304976, 38.68600225322723, 109.95587898891557, -0.043307298802565536, -0.09559029841972588, -0.09051082785424036
51, -2332.128410459181, -14.506312193752507, 126.32446015111472, -0.03680524215262683, 0.026402493047508857, -0.05102435453481036
52, -2836.3152579634525, -2.1233762503071034, 102.25338942511627, -0.0018431161456085767, 0.046032367957559384, -0.0244036811113304
53, -2003.407007428962, 34.948657140306665, 65.24882983236549, 0.02642441172227543, 0.04963110572156859, 8.224032616954702e-05
54, -2363.1657323223694, 28.416589680940216, 111.43987552817569, 0.04167705336146599, -0.011269208031430278, -0.0068716447625094546
55, -2613.0706738690724, -22.578629917124587, 49.54147533968069, -0.001954618847748832, 0.012256803802493499, -0.04216392403299185
56, -2096.4007858424793, 14.318706586032278, 75.3658865461669, -0.026776878620086215, 0.08881600352978114, 0.09508686979774694
57, -2868.3281981803466, 35.16322238173518, 66.31607992222047, 0.01878450716313583, -0.07490493082113714, 0.07751511861847682
58, -2800.4876208196947, -25.849219648678442, 83.18792333464958, 0.00032804039094145893, -0.02877518776379917, 0.005296202435740582
59, -2917.90501839393, -2.6352832186924786, 81.09824043665637, -0.006893645472751544, 0.09264413396105353, -0.0368078034577497
60, -2036.5525411254598, -40.072672202888896, 49.55063347609324, 0.032317707919795796, 0.06169966891035106, -0.09509455119768084
61, -2910.323157696309, 39.50384482216111, 48.18618904083701, 0.021669264277026926, -0.0914547259043732, 0.09206101341686779
62, -2396.7306392007067, 5.946633158807678, 42.928590351337384, -0.0030519607161852945, 0.0022169267602776266, 0.013374515268148812
63, -2011.06132353389, -17.41351315078387, 78.88821183185982, -0.050497104450030854, 0.06819184585631244, -0.09786072114111732
64, -2940.037802128333, 9.282271055448973, 32.40146962425865, -0.02455041262848667, 0.019546422426586885, -0.07394131233816381
65, -2797.9121132127207, -47.86529167676912, 95.70765507493584, -0.02787565876322451, 0.018436615954630975, -0.023911563071036923
66, -2883.6981780926512, -34.3522266451442, 29.973735473369103, 0.01543233179468199, 0.05356321548676424, -0.042539930206961785
67, -3107.1177751132645, 34.07134304208333, 29.730302383098632, -0.0009422966316457737, 0.06029431031488941, -0.0755219043754245
68, -2696.7174159330507, -16.501448451046457, 61.04084568635351, -0.0464908531233756, -0.02588604864466193, 0.037327915646355514
69, -2179.3417531536184, 26.844252473125362, 47.04734706735341, -0.027496980323910052, -0.02086681897539555, 0.007431445555457827
70, -2808.8091081814264, 31.51073648624896, 74.87922047296593, -0.03141857877057686, -0.0828687779883579, 0.012683118066370902
71, -2394.4199182093907, -25.316152044540416, 104.98941192701898, -0.009483253260122676, -0.025938266694489176, -0.09302142752246478
72, -2752.8010527532197, 42.836624741401266, 126.30108966131404, -0.031956685247125714, 0.038798740853475344, 0.05339297614824279
73, -2862.382217581507, 29.851689327758322, 118.55602809722518, -0.0017489125147760562, -0.09648044530029232, -0.07071099358862831
74, -2300.931053127223, 28.087872203467644, 66.19542718692976, -0.0002328088961189363, 0.017920897357020404, -0.0029873387636190074
75, -2516.6240828321106, -16.63052654422225, 144.8411386319783, -0.011531105368751217, 0.026781254998200055, 0.0632281705679194
76, -3162.9285238174048, 40.35858757530883, 39.008143788289715, 0.03141235205163083, -0.09074283662943361, 0.03456463404018528
77, -2370.9869595838873, -11.73645229639149, 77.60502786880319, 0.015049505450953982, 0.004908772566109221, 0.06611078780865931
78, -3129.841357351836, -46.18112876854079, 56.00425984948612, 0.0002606220631459413, -0.006828227370527351, -0.07442603517850266
79, -3175.270955932885, 26.36779441300419, 74.70873426114568, 0.030056357503277557, -0.05092464221442383, 0.07566575395165387
80, -2957.1065748003834, 15.193880495469472, 133.81944715040026, 0.0021146892784661663, 0.062447217320095394, 0.08560724188845192
81, -2072.5004115703373, 34.82681551773948, 52.719596366303584, -0.0340729597035383, 0.05054511352695501, -0.0258975148145284
82, -2622.3948608217024, 23.674727438053537, 84.6602326416733, -0.010704332247594055, 0.08336112841578136, -0.08980959977737335
83, -2246.775493328176, -22.92151458403427, 43.083016848795225, 0.030799779050359796, -0.04816106492474881, -0.043451103500544264
84, -2732.676107311268, 33.61243237280799, 125.34009915497559, -0.02418453368343924, 0.03347473145416524, 0.02881825551792261
85, -2785.0295656050516, 7.91559101633527, 129.29243827769184, 0.025243476353581727, 0.08135228904302783, -0.0815902055112625
86, -2274.6089152491645, -19.6541213379125, 97.40074267679833, -0.024531471893997066, -0.025264148610338655, 0.056744864231242254
87, -2917.2948422940694, -24.34618503043633, 89.12815758258034, -0.0018732083533939195, -0.06190017658576408, -0.03038753475812861
88, -2587.2579844763977, 31.320991384466538, 42.02631281009636, 0.03182631423490144, 0.08133255150490082, 0.09839983129455909
89, -2775.6432432566144, -43.693078062907176, 111.43156987535319, -0.03226051783491331, 0.07880890720825162, 0.08681585936545222
90, -2913.05951837125, 2.189858977100835, 138.1362681812883, 0.033860332561718796, -0.06926314587767868, -0.005071585583976912
91, -2391.3335442864673, 34.169182023687114, 30.814003706238566, 0.016007197200300704, 0.0831454679422381, 0.05590891566605549
92, -2229.0366895475745, 33.98982256108357, 29.622706847954504, -0.04111845277311619, -0.06058869872189421, -0.05286770364740079
93, -2316.4302006481894, 29.77759872359306, 99.22562741705404, -0.005446664574488489, 0.005022244413896315, 0.08529013701199073
94, -3133.2691745747193, 34.31083031585777, 129.6808217689512, 0.012020697081594518, 0.023131902714413677, 0.04257402670529142
95, -2294.4340981664773, -41.789378287384444, 147.86519511203704, -0.04664967299403804, 0.019859820733364897, -0.0031992778414755563
96, -2991.9810397110227, 15.732898913542783, 151.73833389603197, -0.023219877130777545, 0.0003198003138771277, -0.05126227011314466
97, -3095.2265184427642, 8.799271601096734, 44.925656950532186, -0.03744942061631688, 0.06142282178790759, -0.09630827703203515
98, -2793.8027297690046, 6.973718346731122, 130.18467577388503, 0.004378722253673127, -0.08226915732931883, 0.006396831553053595
99, -2729.1990972529243, 41.03147111497967, 79.21013393709744, -0.022723225072310553, -0.0035772459547345203, 0.003686697981982512
100, -2346.9788563696648, -37.54971072810508, 80.0813539917983, 0.013921870699593783, 0.09892485090989034, 0.09303622620964003
101, -2870.4397701825387, -8.830328273469192, 121.73904292955551, 0.02453467683519772, -0.025405959723117322, -0.021895959283580346
102, -2370.9958444849585, -39.33292940345207, 75.84018674928731, 0.0025954722382231766, -0.09418855188491126, 0.02983967714383251